úZethQuark Versi¢n 7.0ú                                                                                                      04/07/2024
POL.LOS ANGELES                       REPORTE INVENTARIO VALORIZADO X GENERICO (TEMLAB) MOSTRADOR                              17:48:20
PRT283()                                                                                                                     Pag.-    1
---------------------------------------------------------------------------------------------------------------------------------------
            DESCRIPCION                  STOCK            PV     ULTCOS       TOTAL PV      TOTAL ULTCOS        UTILIDAD
---------------------------------------------------------------------------------------------------------------------------------------
ACIDO URICO                                935         15.00      5.00       14,025.00         4,675.00         9,350.00
AGLUTINACIONES                            8693         23.00      4.00      199,939.00        34,772.00       165,167.00
ALBUMINA SUERO                             995         18.00      5.00       17,910.00         4,975.00        12,935.00
AMILASA                                    937         25.00     10.00       23,425.00         9,370.00        14,055.00
ASO LATEX                                  976         20.00     10.00       19,520.00         9,760.00         9,760.00
BILIRRUBINAS TOTALES Y FRACCIONADA         990         20.00      5.00       19,800.00         4,950.00        14,850.00
BK DIRECTO                                 869         20.00      5.00       17,380.00         4,345.00        13,035.00
COLESTEROL                                 923         15.00      4.00       13,845.00         3,692.00        10,153.00
COPROCULTIVO                               964         60.00     15.00       57,840.00        14,460.00        43,380.00
COPROLOGICO FUNCIONAL                      737         25.00     12.00       18,425.00         8,844.00         9,581.00
CPK-MB                                     985         60.00     15.00       59,100.00        14,775.00        44,325.00
CREATININA                                 999         15.00      4.00       14,985.00         3,996.00        10,989.00
CULTIVO DE SECRECION FARINGEA              929         50.00     13.00       46,450.00        12,077.00        34,373.00
CULTIVO SECRECION OTICA                    999         50.00     13.00       49,950.00        12,987.00        36,963.00
DEPURACION CREATININA                      994         30.00     10.00       29,820.00         9,940.00        19,880.00
ELECTROLITOS                               976         50.00     20.00       48,800.00        19,520.00        29,280.00
FACTOR REUMATOIDE CUANTITATIVO             949         30.00     10.00       28,470.00         9,490.00        18,980.00
FIBRINOGENO                                998         60.00      8.00       59,880.00         7,984.00        51,896.00
FOSFATASA ALCALINA                         988         40.00      5.00       39,520.00         4,940.00        34,580.00
FROTIS DIRECTO(KOH-HONGOS)                 722         25.00      7.00       18,050.00         5,054.00        12,996.00
G.G.T.P                                    858         40.00     12.00       34,320.00        10,296.00        24,024.00
GLUCOSA                                   8596         13.00      3.00      111,748.00        25,788.00        85,960.00
GLUCOSA POST PRANDIAL                      994         15.00      3.00       14,910.00         2,982.00        11,928.00
GRAHAM ACAROS                              804         25.00      3.00       20,100.00         2,412.00        17,688.00
GRUPO SANGUINEO/FACTOR RH                  938         20.00      5.00       18,760.00         4,690.00        14,070.00
HCG SUB UNIDAD BETA CUANTITATIVO           895         45.00     19.00       40,275.00        17,005.00        23,270.00
HDL COLESTEROL                             998         20.00      4.00       19,960.00         3,992.00        15,968.00
HELICOBACTER IGG                           930         60.00     28.00       55,800.00        26,040.00        29,760.00
HEMOG. GLICOSILADA                        9999         55.00     18.00      549,945.00       179,982.00       369,963.00
HEMOGRAMA COMPLETO                        9999         25.00      6.00      249,975.00        59,994.00       189,981.00
HEPATITIS A ANTICUERPOS TOTALES            996         70.00     15.00       69,720.00        14,940.00        54,780.00
HEPATITIS A IGM                            992         80.00     15.00       79,360.00        14,880.00        64,480.00
HEPATITIS B ANTIGENO AUSTRALIANO           981         60.00     15.00       58,860.00        14,715.00        44,145.00
HIERRO SERICO                              996         30.00      7.00       29,880.00         6,972.00        22,908.00
HIV                                       9999         30.00     15.00      299,970.00       149,985.00       149,985.00
INMUNOGLOBULINA E                          939         60.00     20.00       56,340.00        18,780.00        37,560.00
INSULINA                                   826         50.00     20.00       41,300.00        16,520.00        24,780.00
INSULINA POST-PRANDIAL                     998         60.00     20.00       59,880.00        19,960.00        39,920.00
LAMINA PERIFERICA                          985         15.00      8.00       14,775.00         7,880.00         6,895.00
LDL COLESTEROL                             998         20.00      4.00       19,960.00         3,992.00        15,968.00
MICROALBUMINURIA ORINA SIMPLE             9999         63.00     25.00      629,937.00       249,975.00       379,962.00
ORINA COMPLETA                            8104         15.00                121,560.00                        121,560.00
PARASITOLOGICO SIMPLE                      959         12.00                 11,508.00                         11,508.00
PARASITOLOGICO X3                         9999         29.00                289,971.00                        289,971.00
PCR CUANTITATIVA                          9998         40.00     10.00      399,920.00        99,980.00       299,940.00
PERFIL DE COAGULACION                      981        100.00     28.00       98,100.00        27,468.00        70,632.00
PERFIL HEPATICO                            998         55.00     14.00       54,890.00        13,972.00        40,918.00
PERFIL LIPIDICO                            999         45.00     12.00       44,955.00        11,988.00        32,967.00
PERFIL PRENATAL                            987        120.00     32.00      118,440.00        31,584.00        86,856.00
PERFIL RENAL                              9999         83.00     30.00      829,917.00       299,970.00       529,947.00
PERFIL REUMATICO                          1000        105.00     34.00      105,000.00        34,000.00        71,000.00
PERFIL TIROIDEO                            937        100.00     45.00       93,700.00        42,165.00        51,535.00
POTASIO                                    998         50.00     10.00       49,900.00         9,980.00        39,920.00
PROLACTINA                                 964         50.00     20.00       48,200.00        19,280.00        28,920.00
PROTEINAS TOTALES                          998         40.00      5.00       39,920.00         4,990.00        34,930.00úZethQuark Versi¢n 7.0ú                                                                                                      04/07/2024
POL.LOS ANGELES                       REPORTE INVENTARIO VALORIZADO X GENERICO (TEMLAB) MOSTRADOR                              17:48:21
PRT283()                                                                                                                     Pag.-    2
---------------------------------------------------------------------------------------------------------------------------------------
            DESCRIPCION                  STOCK            PV     ULTCOS       TOTAL PV      TOTAL ULTCOS        UTILIDAD
---------------------------------------------------------------------------------------------------------------------------------------
PROTEINURIA 24Hr.                          945         30.00     10.00       28,350.00         9,450.00        18,900.00
REACCION INFLAMATORIA EN HECES            9999         25.00                249,975.00                        249,975.00
RPR                                       9999         15.00      6.00      149,985.00        59,994.00        89,991.00
T4 LIBRE                                   999         45.00     17.00       44,955.00        16,983.00        27,972.00
TEST GRAHAM(OXIURUS)                      9999         10.00                 99,990.00                         99,990.00
THEVENON                                  9999         25.00      7.00      249,975.00        69,993.00       179,982.00
TIEMPO DE PROTROMBINA-TP                  9999         30.00      8.00      299,970.00        79,992.00       219,978.00
TIEMPO DE TROMBOPLASTINA                  9999         50.00      8.00      499,950.00        79,992.00       419,958.00
TOLERANCIA GLUCOSA                         925         40.00      9.00       37,000.00         8,325.00        28,675.00
TRANSAMINASA OXALACETICA (TGO)             965         15.00      5.00       14,475.00         4,825.00         9,650.00
TRANSAMINASA PIRUVICA (TGP)                960         15.00      5.00       14,400.00         4,800.00         9,600.00
TRIGLICERIDOS                              936         15.00      4.00       14,040.00         3,744.00        10,296.00
UREA                                      9999         15.00      4.00      149,985.00        39,996.00       109,989.00
UROCULTIVO                                  51         40.00     10.00        2,040.00           510.00         1,530.00
VELOCIDAD DE SEDIMENTACION                 953         15.00      3.00       14,295.00         2,859.00        11,436.00
---------------------------------------------------------------------------------------------------------------------------------------
T O T A L E S :                                                           7,448,275.00     2,029,226.00     5,419,049.00
---------------------------------------------------------------------------------------------------------------------------------------